% Purpose: declare global variables

global Nx Ny dt dx dy vert horz
global Ra Pr Beta
global rk4a rk4b rk4c

% Low storage Runge-Kutta coefficients
rk4a = [            0.0 ...
        -567301805773.0/1357537059087.0 ...
        -2404267990393.0/2016746695238.0 ...
        -3550918686646.0/2091501179385.0  ...
        -1275806237668.0/842570457699.0];
rk4b = [ 1432997174477.0/9575080441755.0 ...
         5161836677717.0/13612068292357.0 ...
         1720146321549.0/2090206949498.0  ...
         3134564353537.0/4481467310338.0  ...
         2277821191437.0/14882151754819.0];
rk4c = [             0.0  ...
         1432997174477.0/9575080441755.0 ...
         2526269341429.0/6820363962896.0 ...
         2006345519317.0/3224310063776.0 ...
         2802321613138.0/2924317926251.0];

%rk3
% rk4a = [            0.0 ...
%         -756391.0/934407.0 ...
%         -36441873.0/15625000.0 ...
%         -1953125.0/1085297.0  ];
% rk4b = [ 8.0/141.0 ...
%          6627.0/2000.0 ...
%          609375.0/1085297.0  ...
%          198961.0/526383.0  ];

%rk2
% rk4a = [            0.0 ...
%         -0.68301270 ...
%         -1.33333333 ];
% rk4b = [ 0.500 ...
%          0.91068360 ...
%          0.36602540  ];
